0 0 0 0 0 0 0 0 0 0 0 0 0 0 0 0 0 0 0 0 0 0 0 0 0 0 0 0 0 0 0 0
151 -40 -159 136 185 11 -213 -196 -132 109 258 226 192 248 177 88 -69 33 -72 -32 8 239 299 175 200 181 38 7 -32 35 13 -100
479 -743 -268 827 261 -232 -630 -586 -239 829 1597 1018 401 765 658 173 -523 -366 -694 -581 -379 568 1147 997 1056 1056 533 17 -276 -17 61 -278
-332 -916 185 78 -38 32 -343 -309 597 1240 1203 462 -538 -301 -244 -705 -1007 -1265 -1549 -1350 -1104 -382 75 522 741 1194 1163 268 -507 -184 -13 -68
-813 -476 -108 17 381 -345 -499 584 1290 578 -235 -1005 -1479 -1544 -868 -923 -168 31 -329 -829 -1147 -1289 -1185 -1667 -1224 165 1008 888 -277 -528 -475 -365
-1046 -225 434 926 -18 -520 397 853 471 -360 -1033 -1016 -826 -348 -53 -18 336 831 1402 1372 1139 421 -849 -1989 -2009 -1303 62 861 484 -419 -619 -706
-705 739 1117 810 -395 298 204 522 229 -662 -899 -176 317 820 594 1056 1254 1431 2006 2460 2277 2051 1108 -192 -1271 -1592 -1156 -78 917 427 56 -312
465 983 959 -60 -208 -105 241 860 -224 -893 -626 308 857 1225 1431 1538 1243 72 -504 105 589 957 1088 1787 1287 -326 -1262 -888 352 1084 684 233
1243 521 -45 -1406 -366 -34 856 -272 -786 62 252 1509 1174 225 -456 -475 -722 -1312 -1922 -1666 -1611 -1287 -770 789 2604 1405 -473 -1008 -355 665 1126 -47
565 377 -750 -1384 388 668 754 -1141 -128 452 1217 1654 -122 -1659 -2279 -1690 -1734 -2705 -2617 -1638 -1903 -3035 -2641 -1385 670 1797 1279 -673 -67 142 1002 -285
112 795 -977 -45 1580 1571 -16 -1449 313 212 1421 -51 -1564 -2876 -3377 -1920 -130 758 1249 1580 1628 -259 -2484 -2256 -480 588 2138 744 202 331 923 136
338 986 -915 1355 1812 1352 -1884 -794 928 540 -703 -3192 -2513 -1095 1199 2922 3290 3355 3983 4445 2843 1937 616 -1318 -674 70 1612 2098 -177 131 872 667
1275 438 -732 570 1070 200 -2879 575 1187 861 -3685 -3513 246 2955 4073 4148 3945 2870 2079 2599 1926 463 1421 1738 -511 -239 849 1976 -244 -1471 959 586
2254 -167 -917 -736 1089 -975 -2134 658 2079 416 -4087 224 2162 3941 1834 -681 -2367 -2367 -1641 -2235 -2468 -1476 -437 2710 9 -1134 131 1597 281 -2894 747 526
2204 -124 -853 -843 1726 -1297 -371 254 2581 -2093 -2018 2000 3558 1263 -6800 -8841 -8755 -9334 -7367 -4421 -4582 -4482 -1315 1093 -156 -1652 -775 1537 1555 -2697 171 749
1615 155 -803 -288 2057 -532 566 23 1495 -3929 -175 1744 4146 -6507 -11480 -5324 -709 -1437 -4379 -4877 -2118 -4921 -2357 830 -148 -2005 -1074 1206 2137 -1393 -647 1202
1293 129 -1293 302 1552 93 -166 32 644 -4038 114 1559 1982 -9041 -3057 4888 13535 7222 3284 -3714 -1303 -2854 -3728 1058 694 -1965 -1379 825 1416 -491 -1113 1417
1107 379 -1851 454 910 90 -978 74 832 -2108 -499 2624 232 -5588 3736 14253 34975 13108 5289 -2541 -1884 -2986 -4028 -399 1755 -1498 -1845 757 760 -214 -1107 1343
1174 777 -2365 466 1307 -208 -1477 -512 612 170 -1966 2557 492 -4189 6107 13085 24293 8113 2300 -4684 -861 -4415 -3317 -1617 2464 -942 -1212 625 1496 -59 -922 1406
1367 1095 -1907 3 2232 -195 -2374 -1056 -581 -4 -2549 -71 2381 -3489 1302 6078 6640 1987 -3534 -4747 1411 -4123 -1670 -1577 2761 -1341 -262 920 2185 -280 -679 938
1441 549 -1518 -1510 2072 594 -2984 -1267 -287 -1111 -2046 -1690 1591 250 -2552 -1367 -208 -3025 -5118 938 1316 -1944 -453 -543 2407 -2003 7 629 2501 -1136 -597 504
1770 110 -1094 -2833 1018 544 -2063 -1464 601 127 -2452 -702 600 1790 1090 -1142 -1238 -558 1336 2209 -852 -251 -1415 1673 1157 -1648 -486 837 1655 -1714 -534 684
1935 318 -597 -2842 -83 477 -981 -370 357 1770 -1297 -1010 1426 1815 2471 3737 3644 2178 1205 -349 -797 -1877 -1895 2473 -392 -539 -810 1835 625 -1128 -280 1391
821 790 -42 -1602 -814 719 -718 -190 -38 -142 184 -1228 -934 328 -544 76 867 1015 268 -779 -1694 -2940 -216 589 -499 -183 -366 2245 232 -170 105 1849
-607 839 456 -404 -1233 221 350 -482 -373 -1416 -1196 -265 -1053 -1689 -1106 69 -636 -1618 -2353 -1804 -502 -596 143 -593 130 -767 771 1486 -55 -265 49 1502
-1184 511 1038 134 -536 -1015 1031 858 -193 -832 -1662 -1401 -939 -1705 -2602 -1397 -645 -1340 -1434 -538 332 351 93 345 427 -314 729 -227 -269 -763 282 758
-558 81 1670 885 -453 -1155 -43 1697 1513 -252 -427 -291 -306 39 262 896 1102 244 -837 -715 -47 907 464 765 314 4 137 -883 -106 -779 552 67
41 162 1551 1698 -95 -1319 -939 139 1218 839 78 301 570 413 597 1144 1183 539 -76 143 395 297 331 425 21 82 -459 -355 224 184 675 6
92 276 757 1295 1158 -806 -1319 -1361 -909 -216 179 225 727 746 -14 -17 560 610 522 448 122 -169 -259 -249 -298 -578 -609 292 312 698 429 -14
41 -428 -371 206 1270 920 -452 -1478 -1755 -1963 -1032 -14 621 567 134 -874 -1021 -664 294 600 208 -603 -959 -763 -328 -212 27 136 119 470 -82 -331
553 -370 -1108 -823 353 1249 1520 -50 -1431 -1667 -1852 -1591 -1023 -825 -446 -756 -778 -411 -317 -637 -1134 -1061 -565 246 803 687 29 -272 -131 -70 -399 44
0 0 0 0 0 0 0 0 0 0 0 0 0 0 0 0 0 0 0 0 0 0 0 0 0 0 0 0 0 0 0 0
