0 0 0 0 0 0 0 0 0 0 0 0 0 0 0 0 0 0 0 0 0 0 0 0 0 0 0 0 0 0 0 0
-65 -139 88 159 65 -93 -111 -42 131 243 57 -54 132 91 -159 -322 -330 -284 -62 -107 -76 -78 -118 -143 -6 164 136 286 333 63 -165 -233
-465 -516 400 569 236 -495 -392 -180 467 892 204 -178 248 -20 -828 -1464 -1556 -1212 -604 -141 -110 -39 -119 -526 -427 264 245 896 1567 887 -497 -1191
-810 -156 386 375 79 -335 -513 -199 391 506 266 -489 -1106 -963 -942 -501 -184 -250 -671 -342 -197 -75 -559 -667 -1153 -1249 -949 -125 851 1573 336 -1172
-374 380 355 224 -263 -451 -99 696 491 -176 -772 -1139 -1099 -529 178 752 1360 1635 1049 424 385 618 -96 -510 -426 -609 -1651 -1316 -283 738 924 47
648 468 476 -183 -915 120 727 433 -342 -598 -278 -271 -363 -274 934 1935 1876 1236 867 914 760 547 900 532 429 815 41 -1237 -1252 -95 170 650
922 479 229 -795 -616 436 50 -95 -506 -383 -307 448 1282 925 760 532 222 -166 -547 -288 247 307 50 386 821 831 934 420 -1011 -847 -133 297
674 273 -369 -894 116 -251 94 -486 -1117 -769 516 1420 1307 661 -80 -1443 -2591 -2421 -1678 -1048 -688 -119 -38 -280 57 590 354 509 124 -1082 -323 548
554 -126 -1211 -48 305 364 82 -1818 -358 579 1135 194 -516 -705 -625 -1162 -2388 -2579 -2270 -1241 -1485 -1942 -1591 -35 -607 -1134 -522 -421 124 -416 -550 565
318 -936 -1351 594 1032 1129 -1126 -763 1033 81 781 -470 -1906 -2127 -982 164 763 1815 2568 1975 256 -450 -1380 -393 432 -885 -1351 -503 -7 -114 197 213
178 -1432 -709 1336 1680 -306 -1696 237 103 912 975 -1789 -2190 -954 1623 3017 2884 3171 4455 4511 2132 315 -322 -622 -459 334 -665 -586 654 3 325 -100
-289 -1262 76 1901 852 -1770 -1665 539 994 873 -1575 -118 1143 637 1483 1907 1920 1359 790 1022 1808 1079 -611 -633 -1432 -284 685 -693 347 1100 350 -673
-507 -1088 755 2034 -265 -2339 -456 2128 1826 -1192 -698 1833 367 740 289 -1418 -3529 -5141 -5426 -5619 -3959 -135 262 -1328 -1368 -681 767 -146 -744 1042 1247 -726
-150 -790 1196 1759 -764 -2133 1079 3824 1439 -1942 -227 213 422 -1381 -3460 -2949 -3818 -5961 -7700 -8092 -6806 -2560 1081 443 -1409 -8 818 -870 -1185 -448 1671 -174
436 -564 1323 1244 -396 -1751 2202 3283 -316 -2706 -838 1377 -266 -4980 -2055 781 1000 957 -97 -2740 -3902 -1178 1080 2012 -964 -814 1858 -1451 -1783 -989 1200 -200
508 -628 1064 903 38 -1299 2004 1559 -2245 -3211 1033 3497 -1536 -2837 2228 4993 5926 6123 8549 7652 1069 64 1224 741 -578 -2332 1310 -369 -2237 -1115 1168 -888
350 -469 730 1082 -349 -931 1280 469 -2484 -2462 3148 4074 -477 -1874 2729 6849 5509 6493 10213 13023 4755 -1293 411 -579 -1294 -2725 -135 307 -1211 -1300 1731 -698
259 -224 -77 1521 -1192 -929 1312 1272 -1101 -1378 3239 2938 -2683 -4927 238 2972 -2362 1227 7729 11825 3841 -3366 -1607 626 -1092 -2134 -395 259 -261 -1446 1631 16
193 249 -549 1545 -1139 -1492 1415 2922 -87 -641 378 155 -5914 -8847 -4651 -2080 -4277 -1305 5352 8698 482 -4152 -1719 2853 71 -1537 -476 378 -606 -1046 1072 485
89 193 -424 1373 -144 -1461 590 4081 40 -1417 -2350 -1714 -5676 -8921 -5605 -2862 -2370 1168 5455 5422 -982 -3403 -31 3549 111 -1508 -1037 1177 -1088 -361 201 578
843 -425 -208 2070 515 -288 -575 3339 301 -3466 -2961 -1596 -1807 -3771 -2094 851 2287 3354 4210 3476 -1596 -2109 1589 2116 -1713 -2563 -889 1779 -849 -91 199 769
1616 23 -667 2818 589 -65 -739 1605 1147 -3647 -3180 -1067 640 987 2231 3399 2934 2201 2090 -103 -2348 483 1710 76 -3372 -2789 627 2117 -378 -619 425 740
1833 699 -1015 1366 933 -709 -557 916 1428 -1361 -3308 -2314 -273 692 2352 3217 1847 49 -1399 -2222 -378 377 677 -649 -3179 -1410 2073 1342 -824 -1365 700 383
1763 868 -447 -99 531 -544 -1360 583 1571 361 -1174 -3103 -3121 -2059 -370 128 -542 -1532 -1580 -459 -816 -729 973 -1103 -1879 316 1858 238 -1752 -1430 719 443
1328 662 -219 -188 21 368 -803 -479 1284 1714 1399 -222 -2416 -2664 -852 -406 -830 -1306 -242 450 -59 410 -802 -1468 142 545 661 -718 -2020 -518 1008 345
17 538 -416 238 448 1285 581 -547 -522 1504 2318 1856 967 -221 -43 460 1 -99 748 1202 1061 -676 -1360 84 -180 -270 156 -1272 -742 551 1301 134
-1156 92 58 45 796 1949 1250 26 -1373 -1022 1379 2483 2091 1791 2030 1483 347 248 703 447 276 -294 -324 -544 -885 387 -357 -214 386 622 1022 69
-961 -506 34 356 -19 1418 1411 459 -913 -1994 -1395 -7 76 236 922 1732 1255 -60 -514 -248 -382 -916 -1053 -466 322 99 -294 1102 -9 466 510 0
-893 -341 -106 536 96 65 786 892 -143 -907 -1461 -1913 -1840 -1513 -1265 -528 109 218 -687 -1480 -1796 -1182 234 234 18 6 949 221 -373 340 -313 106
-312 -351 183 316 592 80 -243 556 1123 224 -116 -620 -1227 -1227 -718 -630 -604 -754 -781 -844 -328 56 193 257 604 393 -127 -292 411 -131 -207 473
479 -312 -317 349 383 383 181 -253 742 597 406 208 411 -82 -600 -723 -168 29 213 51 780 1229 1106 866 52 -575 -171 450 142 88 480 72
0 0 0 0 0 0 0 0 0 0 0 0 0 0 0 0 0 0 0 0 0 0 0 0 0 0 0 0 0 0 0 0
